 Q1_readout_connector_pad Q1_coupler1_connector_pad Q1_coupler2_connector_pad Q1_pad_top Q1_pad_bot ground_plane
Q1_readout_connector_pad 66.15239280632309 -0.217087819336422 -0.216448146063666 -1.8166324348944 -18.5791635453438 -45.3230608606848
Q1_coupler1_connector_pad -0.217087819336422 61.57791165849934 -0.299855013231474 -16.289709862193998 -1.64500451866404 -43.1262544450734
Q1_coupler2_connector_pad -0.216448146063666 -0.299855013231474 61.7386372178211 -16.2577923217218 -1.64834741833236 -43.3161943184718
Q1_pad_top -1.8166324348944 -16.289709862193998 -16.2577923217218 110.8768800974796 -37.279420999173006 -39.2333244794964
Q1_pad_bot -18.5791635453438 -1.64500451866404 -1.64834741833236 -37.279420999173006 104.1747763182084 -45.0228398366952
ground_plane -45.3230608606848 -43.1262544450734 -43.3161943184718 -39.2333244794964 -45.0228398366952 300.0
